'Cluj-Napoca', 'Oradea', 'Timișoara', 'Iași', 'Galați', 'Brașov', 'Ploiești', 'Constanța', 'București'
0	148	200	380	410	590	420	530	850	600
148	0	160	315	390	517	270	380	700	450
200	160	0	170	575	665	415	530	850	600
380	315	170	0	665	680	410	520	780	550
410	390	575	665	0	220	310	350	420	390
590	517	665	680	220	0	270	200	200	245
420	270	415	410	310	270	0	110	400	185
530	380	530	520	350	200	110	0	290	80
850	700	850	780	420	200	400	290	0	220
600	450	600	550	390	245	185	80	220	0